45
28
77
15
44
95
22
58
90
65
49
38
19
71
60
77
73
24
42
8
90
36
22
28
91
16
47
19
92
31
13
69
61
51
76
11
54
80
0
62
62
94
53
30
87
27
25
47
30
98
55
90
0
46
67
94
99
96
48
65
2
73
97
53
77
34
5
60
37
21
5
7
50
83
53
96
33
51
16
51
80
58
88
35
14
31
70
50
25
23
70
63
65
9
72
21
79
63
23
93
87
85
3
9
91
96
82
43
74
4
35
49
60
23
9
38
8
68
79
86
97
24
1
92
53
60
10
46
21
92
75
43
14
97
9
52
20
66
59
68
18
26
44
84
82
69
5
56
2
68
98
97
64
35
80
17
82
58
63
54
91
89
25
81
51
81
43
36
38
59
58
30
21
28
46
42
8
45
69
60
48
26
76
63
61
68
68
62
64
86
31
98
84
33
16
20
11
5
81
17
68
14
60
90
11
16
2
82
76
69
56
55
70
21
76
68
60
20
4
74
39
73
54
87
56
27
17
64
96
25
55
75
18
24
12
87
28
48
38
20
86
99
36
56
3
82
21
4
58
98
54
41
83
64
77
3
16
70
91
64
91
68
25
66
29
3
31
5
15
1
96
48
25
71
42
44
29
81
5
96
95
34
48
44
95
56
46
40
31
31
95
36
72
63
4
10
40
61
13
30
86
31
14
30
13
11
9
86
42
41
72
42
58
69
42
35
57
92
83
20
90
40
33
81
71
30
83
55
79
1
81
84
51
61
14
66
43
21
23
67
84
40
20
23
31
18
45
73
63
10
39
41
36
88
81
43
92
37
46
33
23
64
52
99
56
32
11
64
78
84
9
42
41
16
86
47
59
13
89
54
87
48
66
45
77
83
46
5
98
28
41
92
83
20
26
84
79
89
26
20
3
41
10
12
26
22
27
38
69
78
82
56
19
60
80
18
2
18
57
55
91
50
24
65
16
88
2
62
9
9
33
26
77
47
84
4
63
33
6
80
69
30
11
0
32
70
42
6
58
52
73
91
1
0
47
66
97
12
73
62
18
23
97
35
92
86
32
87
0
95
11
90
72
52
61
48
14
76
14
31
65
37
55
42
50
38
63
32
35
65
31
84
50
46
99
41
45
70
9
33
45
38
38
98
73
60
91
12
89
40
62
4
24
25
15
83
40
48
42
84
89
98
67
51
89
25
10
73
43
60
81
17
66
75
55
85
45
79
86
51
65
19
53
85
3
21
73
75
88
81
82
68
19
31
26
7
23
5
46
99
82
42
29
63
58
62
14
28
83
11
98
78
34
73
63
69
97
92
80
33
82
50
2
61
14
88
0
41
76
81
59
59
67
55
64
36
43
54
76
85
79
31
23
96
35
94
96
90
86
50
33
70
66
83
66
12
81
62
88
1
55
83
93
94
54
4
63
12
23
9
4
46
74
96
68
10
10
85
25
99
74
84
19
37
80
4
94
3
13
32
31
94
74
21
45
42
14
87
30
10
12
93
25
37
15
8
50
60
9
56
80
92
42
1
23
72
96
60
55
80
37
67
29
68
55
21
89
76
39
3
88
3
40
95
33
80
23
82
92
25
54
61
91
81
66
85
57
91
74
25
91
13
17
17
21
41
88
88
39
5
70
12
74
66
16
19
84
77
13
54
39
61
39
0
29
22
45
4
44
63
70
53
36
0
98
4
96
6
15
93
90
87
58
3
20
91
76
60
36
66
54
12
31
45
9
35
54
46
11
43
53
47
43
5
53
87
59
91
30
74
57
23
58
84
99
86
66
20
36
91
46
97
85
65
39
64
48
40
66
39
44
73
56
80
95
84
14
48
5
55
90
50
34
49
67
82
46
12
7
26
76
40
47
24
62
76
24
56
69
92
5
32
1
6
0
86
28
36
19
66
63
38
73
17
14
20
6
75
18
2
63
44
84
27
42
78
90
86
34
46
1
23
52
66
26
87
6
52
51
99
81
64
9
58
58
12
9
64
89
25
12
66
92
40
80
92
19
38
36
1
32
84
79
29
89
51
10
7
70
11
60
42
14
36
28
79
43
42
51
80
14
70
11
31
16
18
44
38
90
66
40
39
36
26
86
86
62
92
29
78
55
30
52
41
96
65
79
59
98
89
23
18
40
4
71
89
95
83
91
47
51
53
47
7
63
23
42
69
82
33
44
64
78
42
17
84
66
22
43
64
47
77
99
52
19
25
29
80
67
70
35
85
7
94
33
54
32
52
2
35
1
42
66
10
31
54
19
74
48
21
